240.0
78.0
70.5
52.0
64.0
73.0
72.5
71.0
91.5
64.0
70.5
72.0
94.0
81.0
90.0
82.5
76.5
80.5
72.5
79.0
49.0
94.5
63.0
58.5
87.5
94.5
76.5
106.5
63.5
102.0
76.0
98.5
90.5
77.5
105.5
57.0
110.5
88.0
76.5
59.0
67.0
77.5
73.0
85.5
80.5
93.5
97.5
126.5
63.0
89.0
225.0
64.5
46.0
24.0
100.0
59.0
80.5
76.5
54.0
40.5
64.0
74.5
80.5
60.0
81.5
70.0
39.0
91.0
67.5
58.0
73.5
76.5
60.0
74.0
92.5
84.0
74.5
90.5
92.5
84.5
73.5
90.5
63.0
84.0
74.0
64.0
75.0
97.5
67.5
94.5
90.5
62.5
84.5
62.0
74.0
85.0
63.0
72.5
88.0
300.0
95.5
70.0
119.0
85.0
74.5
73.5
90.5
66.5
84.0
93.0
108.0
96.5
100.5
105.5
60.5
85.5
87.0
109.0
104.0
107.5
120.5
87.5
102.5
109.5
66.0
95.5
95.5
65.0
105.0
120.0
80.5
88.0
63.5
81.5
113.0
106.5
95.5
114.0
106.5
110.0
103.0
74.5
112.0
99.0
96.5
104.5
94.5
220.0
62.0
59.5
46.5
61.5
50.5
82.5
63.5
74.0
61.5
53.0
58.5
54.5
80.5
61.5
63.0
44.5
60.5
58.5
38.0
93.0
77.0
53.0
47.0
75.5
49.0
57.5
70.5
80.0
91.0
57.5
89.5
73.5
42.5
55.0
65.5
73.0
48.0
58.5
79.5
61.5
57.0
69.5
58.5
63.0
55.0
70.5
225.0
61.5
77.5
87.0
51.0
63.5
77.0
68.5
58.5
66.5
36.5
63.0
61.5
43.0
81.5
50.0
55.0
58.5
63.0
71.0
64.0
49.0
65.0
41.5
59.5
51.5
35.0
73.5
57.0
75.5
68.0
90.0
89.5
76.5
46.0
72.0
39.5
56.0
64.5
74.0
53.0
57.5
65.5
64.5
54.5
68.0
285.0
85.0
85.5
98.5
88.0
89.0
80.0
92.5
109.5
63.0
102.0
100.0
74.0
120.0
93.5
76.5
86.5
91.0
95.5
99.0
92.5
114.0
105.5
107.5
103.0
112.0
103.0
118.0
46.5
80.5
77.5
84.0
103.5
117.5
86.0
100.0
82.5
89.5
105.5
76.5
81.5
159.0
107.5
100.5
121.5
205.0
71.0
63.5
66.5
72.5
73.0
55.0
73.0
63.0
50.0
64.0
77.0
53.5
58.0
63.5
75.0
75.5
52.0
77.5
70.0
68.5
44.0
67.0
74.5
83.5
64.0
67.5
69.5
71.5
56.5
70.5
67.0
53.5
63.0
62.5
58.0
50.0
45.5
56.0
78.0
64.5
61.5
54.5
61.0
285.0
65.5
99.5
89.0
60.0
55.5
96.0
62.0
52.0
103.5
57.5
105.0
45.5
88.0
100.0
78.0
86.5
106.0
67.5
79.5
85.0
50.5
92.0
114.0
106.5
74.0
97.5
99.5
76.0
66.0
67.5
87.0
79.5
63.5
59.0
83.0
66.0
92.5
94.0
57.0
85.0
63.0
109.5
275.0
89.0
77.0
89.0
110.0
116.5
78.0
87.5
78.0
100.5
93.5
78.0
76.5
89.0
78.0
76.0
116.5
92.0
76.5
76.5
118.0
88.0
86.0
99.5
102.5
106.5
82.5
85.5
99.5
105.0
100.5
79.0
105.0
89.5
62.0
105.0
64.0
94.0
78.0
99.0
121.5
96.5
255.0
87.5
81.0
76.5
90.5
61.0
60.0
81.5
57.0
79.0
66.0
53.5
95.0
83.5
69.0
81.5
59.5
86.0
91.5
60.5
92.0
71.0
84.0
98.0
66.0
105.0
82.5
78.5
88.0
99.0
91.5
60.0
75.5
88.5
80.5
77.5
76.5
79.5
100.0
53.0
89.5
245.0
66.5
69.5
64.0
52.5
31.0
71.5
67.0
87.0
79.0
79.5
73.5
72.5
63.0
76.0
64.0
76.0
75.0
64.5
68.5
49.0
94.5
81.5
71.5
70.0
61.0
84.5
65.5
81.5
55.5
51.0
87.5
89.0
71.0
87.5
90.5
91.5
102.5
43.0
83.5
270.0
64.0
80.0
84.5
90.0
104.5
80.0
86.5
52.0
93.0
104.0
87.0
95.0
80.0
97.5
105.5
92.5
82.0
86.0
80.5
79.0
107.5
72.0
97.0
121.5
81.0
97.0
85.0
87.5
90.5
79.0
78.0
101.5
54.0
96.0
87.5
80.5
65.5
90.5
215.0
77.0
75.0
69.0
65.0
73.0
62.0
90.5
63.0
71.5
61.5
52.0
91.5
109.5
79.0
82.5
81.5
91.5
76.5
78.5
73.0
79.0
68.0
48.5
107.0
71.5
82.0
75.5
76.0
68.0
58.5
89.0
71.5
70.0
72.0
65.5
56.5
73.0
245.0
78.0
75.5
82.0
89.0
83.0
118.0
55.5
80.5
71.5
63.0
99.0
91.5
88.0
105.0
61.5
98.0
108.5
82.5
84.0
79.0
93.5
62.5
111.0
80.0
73.5
78.0
89.0
91.0
76.0
90.5
94.0
88.0
72.0
99.0
75.5
75.5
255.0
118.0
71.0
71.0
64.5
101.5
60.5
97.5
76.5
104.0
79.5
125.5
103.0
62.5
85.5
89.0
77.0
100.0
78.0
37.5
56.5
57.0
70.5
83.5
81.5
66.0
95.5
66.5
89.0
114.5
51.5
68.0
81.0
75.5
67.0
76.0
215.0
71.5
61.5
69.0
75.0
63.0
80.5
68.5
90.5
69.5
88.5
86.0
52.0
74.0
62.5
47.0
96.5
75.5
31.0
48.5
61.0
76.0
66.0
55.0
48.5
87.0
55.5
57.5
84.0
31.0
66.5
68.5
68.0
64.5
76.0
265.0
100.0
101.5
88.0
68.0
86.0
84.5
67.5
103.0
90.0
93.5
73.5
74.5
109.5
88.5
101.5
104.5
89.0
112.0
76.0
120.0
95.0
100.0
87.0
88.0
77.5
62.0
107.0
66.5
81.0
98.5
98.0
66.5
89.5
285.0
62.5
79.5
69.5
94.0
67.5
75.0
102.0
104.0
94.0
68.0
54.0
109.0
113.0
98.0
102.5
104.0
88.5
81.0
107.0
94.5
85.0
68.0
84.0
79.0
91.5
97.5
77.0
69.0
69.5
97.0
68.0
78.0
230.0
82.5
70.0
99.0
78.0
77.0
65.5
83.0
86.5
75.0
66.0
88.0
52.5
85.0
99.0
53.5
74.5
66.0
61.0
75.5
71.5
71.5
55.0
89.5
56.5
71.5
57.0
78.0
85.5
74.0
30.5
108.0
200.0
51.0
62.5
68.0
42.0
91.0
70.5
62.5
62.0
66.0
52.5
50.0
69.5
67.5
55.0
56.5
51.0
72.0
54.5
79.0
46.5
73.5
73.0
66.0
75.5
73.5
75.5
71.0
71.5
48.5
78.0
260.0
77.5
80.5
94.0
57.0
77.5
97.0
77.0
64.5
90.5
76.0
60.5
90.0
86.5
98.0
119.0
75.0
72.5
82.5
94.0
67.5
46.5
64.5
95.5
52.0
68.5
68.5
94.0
62.5
74.5
300.0
79.0
96.5
125.0
119.0
105.5
58.0
70.5
101.5
85.0
112.5
85.5
99.0
123.0
102.0
85.0
120.0
80.5
106.5
97.0
84.5
113.0
110.5
75.5
120.5
89.5
95.0
71.5
84.0
270.0
62.0
99.0
75.5
83.5
93.0
77.5
69.0
51.5
68.5
98.0
83.0
94.0
93.5
68.5
102.5
109.0
102.5
118.0
79.5
70.5
101.5
56.5
82.5
103.0
93.5
93.5
78.5
240.0
66.5
89.0
75.5
84.0
75.0
81.0
77.5
93.5
76.5
61.5
78.0
75.0
56.5
74.0
75.0
75.5
64.5
59.5
66.5
80.0
46.5
86.5
51.0
48.5
63.0
81.5
270.0
91.5
78.0
87.5
83.0
108.0
83.5
110.5
75.0
89.0
92.0
65.5
80.5
82.5
75.0
84.0
122.0
78.5
97.5
88.0
63.5
96.0
80.0
96.5
97.5
94.0
295.0
110.5
82.5
97.0
102.5
86.0
98.0
118.0
51.5
109.0
91.0
94.0
98.0
119.0
88.5
109.5
121.5
79.5
112.0
84.0
93.5
106.5
108.0
82.5
100.0
275.0
71.5
80.5
125.5
86.5
111.0
98.0
64.5
104.0
108.0
100.5
93.0
91.5
98.5
110.0
94.5
85.5
104.0
74.5
92.0
95.0
96.5
93.5
112.5
270.0
71.5
82.5
113.0
78.5
100.5
74.5
81.5
59.5
75.0
81.5
91.5
72.0
75.5
93.5
84.0
73.5
95.5
106.5
85.0
75.5
84.0
112.5
245.0
84.0
53.5
90.0
83.5
65.5
80.0
85.0
93.0
64.5
60.0
74.5
61.0
68.0
53.0
101.5
46.5
74.0
89.5
82.0
86.0
89.5
230.0
84.0
78.5
104.0
75.5
75.0
81.5
97.5
98.5
81.5
83.0
60.0
79.0
74.0
68.5
64.0
86.0
68.0
93.5
51.5
90.5
285.0
85.0
82.5
108.0
97.5
63.0
79.0
90.5
109.5
84.5
94.0
75.5
97.5
89.5
96.5
89.0
63.5
89.0
78.0
105.5
300.0
100.5
71.5
107.5
86.0
130.5
108.0
100.5
88.5
85.5
105.5
95.0
109.5
87.5
96.5
110.5
132.0
91.5
133.0
245.0
44.5
79.5
85.5
97.0
90.0
75.0
86.0
77.5
76.0
94.5
82.5
72.5
85.5
97.0
79.5
49.0
77.0
210.0
64.0
74.0
77.0
66.0
58.5
84.0
55.5
59.0
77.5
60.0
67.0
68.5
36.0
48.0
51.5
56.5
230.0
81.5
57.0
80.0
86.0
95.5
89.5
80.0
62.5
75.5
67.5
81.5
74.5
90.0
66.5
73.0
295.0
71.0
90.0
64.0
100.5
71.5
69.5
75.5
95.0
66.5
100.5
71.0
86.5
57.5
77.0
295.0
108.0
75.5
88.0
86.5
111.5
91.5
85.5
114.0
101.0
91.5
90.0
61.5
102.5
265.0
84.0
89.5
105.0
106.0
97.0
106.0
61.5
100.5
117.0
89.0
62.5
94.5
240.0
77.5
101.5
86.0
55.5
85.0
84.5
71.0
77.0
75.5
84.0
70.5
290.0
90.0
69.5
83.0
114.0
75.0
85.0
82.5
95.0
54.0
96.5
215.0
82.0
76.5
87.5
45.5
70.0
83.5
80.5
73.0
83.5
285.0
53.0
117.5
108.5
85.5
104.0
118.0
60.0
122.0
245.0
74.5
82.5
83.5
73.0
78.5
60.0
85.0
250.0
60.0
77.0
71.5
91.0
64.0
83.0
250.0
102.5
74.5
95.5
45.0
99.5
285.0
98.0
93.0
95.5
112.0
255.0
108.0
58.0
110.5
200.0
49.5
65.5
250.0
64.5
240.0
